0     93      0      0      0      0      0      0      0      0      0      0      0      
0     93      1.3796e-306      1.3796e-306      1.3796e-306      1.3796e-306      1.3796e-306      1.3796e-306      1.3796e-306      1.3796e-306      1.3796e-306      1.3796e-306      93      
0     93      0      0      0      0      0      0      0      0      0      0      93      
0     93      4.2984e-322      4.2984e-322      4.2984e-322      4.2984e-322      4.2984e-322      4.2984e-322      4.2984e-322      4.2984e-322      4.2984e-322      4.2984e-322      93      
0     93      0      0      0      0      0      0      0      0      0      0      93      
0     93      4.2984e-322      4.2984e-322      4.2984e-322      4.2984e-322      4.2984e-322      4.2984e-322      4.2984e-322      4.2984e-322      4.2984e-322      4.2984e-322      93      
0     93      0      0      0      0      0      0      0      0      0      0      93      
0     93      4.2984e-322      4.2984e-322      4.2984e-322      4.2984e-322      4.2984e-322      4.2984e-322      4.2984e-322      4.2984e-322      4.2984e-322      4.2984e-322      93      
0     93      0      0      0      0      0      0      0      0      0      0      93      
0     93      4.2984e-322      4.2984e-322      4.2984e-322      4.2984e-322      4.2984e-322      4.2984e-322      4.2984e-322      4.2984e-322      4.2984e-322      4.2984e-322      93      
0     93      60      60      60      60      60      60      60      60      60      60      93      
0     93      60      60      60      60      60      60      60      60      60      60      93      
